Index	1,		2,		3,		4,		5,		6,		7,		8,		
1,	0,		584716,		1253902,	1179326,	1725778,	1895090,	1139286,	1172706,	
2,	584716,		0,		1139976,	964100,		1580640,	1634806,	932264,		971054,		
3,	1253902,	1139976,	0,		694142,		1391490,	1519468,	677584,		725404,		
4,	1179326,	964100,		694142,		0,		1462214,	1434254,	644014,		657334,		
5,	1725778,	1580640,	1391490,	1462214,	0,		1023778,	1218676,	1268466,	
6,	1895090,	1634806,	1519468,	1434254,	1023778,	0,		1253572,	1308938,	
7,	1139286,	932264,		677584,		644014,		1218676,	1253572,	0,		349112,		
8,	1172706,	971054,		725404,		657334,		1268466,	1308938,	349112,		0,		
