Index	1,		2,		3,		4,		5,		6,		7,		8,		
1,	0,		872548,		2124360,	2461492,	3647468,	5131198,	2492044,	3003270,	
2,	872548,		0,		2090560,	1693240,	3770422,	4302754,	1828964,	2290914,	
3,	2124360,	2090560,	0,		1257164,	3319136,	4405834,	1517592,	1640976,	
4,	2461492,	1693240,	1257164,	0,		3745780,	3945452,	1275014,	1439896,	
5,	3647468,	3770422,	3319136,	3745780,	0,		1363460,	3471300,	3745236,	
6,	5131198,	4302754,	4405834,	3945452,	1363460,	0,		3759594,	4034734,	
7,	2492044,	1828964,	1517592,	1275014,	3471300,	3759594,	0,		426730,		
8,	3003270,	2290914,	1640976,	1439896,	3745236,	4034734,	426730,		0,		



1 - illidan wzor
2 - illidan test
3 - wedrowiec wzor
4 - wedrowiec test
5 - tron wzor
6 - tron test
7 - wiking wzor
8 - wiking test


z podzialem na fragmenty zdjec