Index	1,		2,		3,		4,		5,		6,		7,		8,		
1,	0,		758098,		1769166,	1678114,	2532370,	3110294,	1411330,	1609840,	
2,	758098,		0,		1522752,	1226914,	2431206,	2640078,	1063018,	1263978,	
3,	1769166,	1522752,	0,		897956,		2243640,	2627962,	961546,		1025162,	
4,	1678114,	1226914,	897956,		0,		2395712,	2448412,	748098,		854928,		
5,	2532370,	2431206,	2243640,	2395712,	0,		877070,		2089616,	2178706,	
6,	3110294,	2640078,	2627962,	2448412,	877070,		0,		2222450,	2323106,	
7,	1411330,	1063018,	961546,		748098,		2089616,	2222450,	0,		375336,		
8,	1609840,	1263978,	1025162,	854928,		2178706,	2323106,	375336,		0,		
