Index	1,		2,		3,		4,		5,		6,		7,		8,		
1,	0,		1285264,	1964270,	3013852,	4322234,	6692540,	3366662,	3969780,	
2,	1285264,	0,		1923052,	1639780,	4673244,	5296928,	2130504,	2709580,	
3,	1964270,	1923052,	0,		1753492,	4538076,	6144622,	1662496,	1927700,	
4,	3013852,	1639780,	1753492,	0,		5412090,	5487828,	1497548,	1817474,	
5,	4322234,	4673244,	4538076,	5412090,	0,		2032446,	5985958,	6616830,	
6,	6692540,	5296928,	6144622,	5487828,	2032446,	0,		6193558,	6795352,	
7,	3366662,	2130504,	1662496,	1497548,	5985958,	6193558,	0,		522888,		
8,	3969780,	2709580,	1927700,	1817474,	6616830,	6795352,	522888,		0,		
