Index	1,	2,	3,	4,	5,	6,	7,	8,	
1,	0,	18566,	13450,	27986,	25178,	28158,	28284,	28852,	
2,	18566,	0,	18228,	14052,	29198,	23240,	18020,	18738,	
3,	13450,	18228,	0,	22714,	30512,	28130,	21598,	24072,	
4,	27986,	14052,	22714,	0,	35056,	26144,	17448,	18858,	
5,	25178,	29198,	30512,	35056,	0,	20242,	41422,	42328,	
6,	28158,	23240,	28130,	26144,	20242,	0,	34890,	36244,	
7,	28284,	18020,	21598,	17448,	41422,	34890,	0,	9636,	
8,	28852,	18738,	24072,	18858,	42328,	36244,	9636,	0,	




1 - illidan wzor
2 - illidan test
3 - wedrowiec wzor
4 - wedrowiec test
5 - tron wzor
6 - tron test
7 - wiking wzor
8 - wiking test


bez podzialu na fragmenty zdjec
